1.066859126091003418e+00 -4.445633888244628906e-01 6.333351135253906250e-01 -2.268935292959213257e-01 1.566500514745712280e-01 -3.244742378592491150e-02 1.282496213912963867e+00 1.154974937438964844e+00
7.066847681999206543e-01 -3.376998603343963623e-01 -1.585929542779922485e-01 3.026760220527648926e-01 7.643117904663085938e-01 -5.064447522163391113e-01 8.827453255653381348e-01 7.347042560577392578e-01
5.013304948806762695e-01 -1.428196728229522705e-01 -1.540777236223220825e-01 8.114790916442871094e-01 2.567035555839538574e-01 -3.101550936698913574e-01 1.307619094848632812e+00 5.567740201950073242e-01
2.978441715240478516e-01 1.943701207637786865e-01 4.872966185212135315e-02 3.970741108059883118e-02 1.500324755907058716e-01 -5.621978268027305603e-02 1.308579802513122559e+00 1.792630076408386230e+00
-1.283579468727111816e-01 4.137346744537353516e-01 -5.210688337683677673e-02 -3.207114636898040771e-01 1.240983307361602783e-01 -4.628070592880249023e-01 8.912265300750732422e-01 1.854358673095703125e+00
-2.755979001522064209e-01 3.355715572834014893e-01 1.099775552749633789e+00 -6.803121566772460938e-01 -3.542627766728401184e-02 -3.044005930423736572e-01 2.842762768268585205e-01 1.329295873641967773e+00
-6.123153567314147949e-01 3.884346783161163330e-01 7.599374651908874512e-01 -3.054281771183013916e-01 6.159001588821411133e-01 -8.567075729370117188e-01 -2.443570047616958618e-01 8.249887824058532715e-01
-1.195776611566543579e-01 5.616811513900756836e-01 7.257263660430908203e-01 4.099444746971130371e-01 4.373966753482818604e-01 -2.172804027795791626e-01 -2.514934241771697998e-01 5.791224241256713867e-01
-1.140269264578819275e-01 3.182010054588317871e-01 6.436500698328018188e-02 9.363937973976135254e-01 3.631476461887359619e-01 -7.801206409931182861e-02 2.852147817611694336e-01 7.650918960571289062e-01
2.910519540309906006e-01 2.917441725730895996e-01 -4.494225680828094482e-01 5.830706954002380371e-01 9.654828161001205444e-02 -2.839554250240325928e-01 5.429534912109375000e-01 1.105782270431518555e+00
2.167871892452239990e-01 -1.255461424589157104e-01 -3.692638576030731201e-01 7.896581888198852539e-01 -7.548356056213378906e-02 -1.420193165540695190e-01 1.302315950393676758e+00 1.170979022979736328e+00
8.747224807739257812e-01 5.716205835342407227e-01 2.167675644159317017e-01 3.471614420413970947e-01 -2.181086540222167969e-01 1.939516663551330566e-01 9.465641379356384277e-01 1.720310926437377930e+00
1.026711344718933105e+00 3.864646852016448975e-01 4.125038906931877136e-02 2.190378606319427490e-01 -3.852891027927398682e-01 6.250106543302536011e-02 7.623426318168640137e-01 1.580373287200927734e+00
3.602442443370819092e-01 5.558720827102661133e-01 -3.143562972545623779e-01 5.003153085708618164e-01 -7.562036626040935516e-03 -5.658592581748962402e-01 5.329294204711914062e-01 5.227455496788024902e-01
3.425670862197875977e-01 3.444104194641113281e-01 -2.425651997327804565e-01 2.702568769454956055e-01 -2.507448196411132812e-01 -6.071531772613525391e-01 5.073435306549072266e-01 5.469080805778503418e-01
6.091975569725036621e-01 7.390552163124084473e-01 -6.127345561981201172e-02 5.629638433456420898e-01 -5.366824865341186523e-01 -5.367061495780944824e-01 1.975984126329421997e-01 2.389142811298370361e-01
8.715500235557556152e-01 1.926337033510208130e-01 -4.834889769554138184e-01 5.512968897819519043e-01 -2.923888564109802246e-01 -5.985677838325500488e-01 1.756076216697692871e-01 5.018067359924316406e-01
1.138022184371948242e+00 5.970288515090942383e-01 9.476505517959594727e-01 -4.907220900058746338e-01 -2.392048388719558716e-01 1.208133399486541748e-01 2.024206966161727905e-01 2.238732814788818359e+00
2.023789882659912109e-01 7.315932512283325195e-01 5.919063091278076172e-01 -6.962611079216003418e-01 1.678952574729919434e-01 -5.809441208839416504e-01 -2.897604405879974365e-01 1.881621956825256348e+00
-2.618508636951446533e-01 4.782372713088989258e-01 3.351240158081054688e-01 -8.471150994300842285e-01 2.629625424742698669e-02 -6.964561343193054199e-01 4.754391908645629883e-01 1.836118817329406738e+00
-9.049395918846130371e-01 2.556398808956146240e-01 5.745646357536315918e-01 -4.094541072845458984e-01 -4.609879478812217712e-02 -1.067165970802307129e+00 -3.060315549373626709e-01 8.150987625122070312e-01
-6.363700032234191895e-01 4.168570935726165771e-01 7.706509232521057129e-01 -3.356649577617645264e-01 5.621861815452575684e-01 -8.430486321449279785e-01 -2.971980869770050049e-01 8.920870423316955566e-01
-4.899443984031677246e-01 4.715011417865753174e-01 1.600286960601806641e-01 3.277295529842376709e-01 2.847791612148284912e-01 -4.959885478019714355e-01 -2.726932764053344727e-01 9.252524971961975098e-01
1.813490241765975952e-01 4.246864616870880127e-01 5.072994828224182129e-01 -5.251317024230957031e-01 4.190432280302047729e-02 -3.863365054130554199e-01 -4.830414354801177979e-01 1.916383743286132812e+00
-5.949736833572387695e-01 2.273916751146316528e-01 8.561692386865615845e-02 -6.592623591423034668e-01 1.140266060829162598e-01 -1.212503552436828613e+00 -1.827389150857925415e-01 1.285967469215393066e+00
-3.193500041961669922e-01 5.220722556114196777e-01 -1.440691500902175903e-01 -8.742465823888778687e-02 -4.515682905912399292e-02 -7.272332310676574707e-01 -2.028256356716156006e-01 1.218130230903625488e+00
-3.309646546840667725e-01 8.526592701673507690e-02 1.330165714025497437e-01 4.599708914756774902e-01 -9.329032897949218750e-02 -4.017877578735351562e-01 -8.383299112319946289e-01 1.039954066276550293e+00
-6.126667559146881104e-02 2.851413786411285400e-01 3.370648920536041260e-01 5.832000374794006348e-01 5.349162220954895020e-01 -3.297865092754364014e-01 -7.365958690643310547e-01 8.260270357131958008e-01
-3.567502200603485107e-01 9.216928482055664062e-02 1.506815999746322632e-01 2.865211665630340576e-01 2.842868268489837646e-01 -4.119051992893218994e-01 -2.026389241218566895e-01 9.898389577865600586e-01
-9.319205880165100098e-01 2.376299910247325897e-02 9.208100438117980957e-01 1.652964353561401367e-01 4.102250933647155762e-01 -6.692434549331665039e-01 -2.573741674423217773e-01 6.217336654663085938e-01
-5.077052861452102661e-02 7.951126098632812500e-01 3.515181364491581917e-03 -6.876121461391448975e-02 -2.629422582685947418e-03 -9.901340603828430176e-01 -2.103352919220924377e-02 4.470601081848144531e-01
1.378046423196792603e-01 7.773380875587463379e-01 8.741456270217895508e-02 2.800988219678401947e-02 1.575576066970825195e-01 -1.009978532791137695e+00 -4.086779654026031494e-01 3.565256595611572266e-01
8.269228935241699219e-01 -1.507210135459899902e-01 -2.350751608610153198e-01 1.751012504100799561e-01 -4.030437022447586060e-02 -9.364733099937438965e-01 3.377621173858642578e-01 2.021779119968414307e-01
1.034447908401489258e+00 -4.784749746322631836e-01 -1.491758879274129868e-02 -1.739054322242736816e-01 2.068025059998035431e-02 -1.065447449684143066e+00 -5.660711526870727539e-01 4.793530106544494629e-01
3.409999310970306396e-01 -2.474828362464904785e-01 4.064349830150604248e-02 -4.563767910003662109e-01 2.680442631244659424e-01 -9.820041060447692871e-01 -7.475873231887817383e-01 1.154055833816528320e+00
-2.413289994001388550e-01 7.328351587057113647e-02 6.841205954551696777e-01 -2.936106026172637939e-01 -1.615521460771560669e-01 -9.285208582878112793e-01 -4.564103782176971436e-01 4.082517921924591064e-01
-8.775144815444946289e-01 2.835287749767303467e-01 5.784308910369873047e-01 -2.112234234809875488e-01 -7.437065839767456055e-01 -6.361280083656311035e-01 6.406085193157196045e-02 8.794890046119689941e-01
-5.702702999114990234e-01 -1.590413898229598999e-01 1.071348547935485840e+00 2.064231038093566895e-01 -6.580514907836914062e-01 -2.361444681882858276e-01 -3.311089575290679932e-01 6.782997250556945801e-01
-6.026045680046081543e-01 -2.466015815734863281e-01 4.828449189662933350e-01 5.689371824264526367e-01 -3.107675611972808838e-01 -2.493318021297454834e-01 -3.847616612911224365e-01 8.185815215110778809e-01
-8.721015453338623047e-01 5.805369094014167786e-02 2.458195239305496216e-01 -6.568825244903564453e-02 4.535738825798034668e-01 -8.654992580413818359e-01 -1.753770858049392700e-01 1.069537162780761719e+00
-4.163366258144378662e-01 2.083729654550552368e-01 6.665324568748474121e-01 1.288164258003234863e-01 -5.605087280273437500e-01 -1.275957226753234863e-01 7.251919507980346680e-01 8.186355233192443848e-01
-2.487427294254302979e-01 -2.932000458240509033e-01 -6.191569194197654724e-02 6.194835901260375977e-01 -5.783419609069824219e-01 -8.671998232603073120e-02 1.029930233955383301e+00 1.121261835098266602e+00
1.412992328405380249e-01 -2.544688284397125244e-01 -2.180631309747695923e-01 1.027497529983520508e+00 2.761436998844146729e-02 -2.965958788990974426e-02 6.947029829025268555e-01 8.999055027961730957e-01
-1.087261512875556946e-01 9.392934292554855347e-02 -6.674587726593017578e-02 7.911427021026611328e-01 3.548545539379119873e-01 -1.616409271955490112e-01 3.043059408664703369e-01 8.679324984550476074e-01
-3.929029107093811035e-01 5.407557636499404907e-02 9.879361391067504883e-01 6.201311349868774414e-01 1.282237172126770020e-01 -5.377741903066635132e-02 -1.493864506483078003e-01 5.023306012153625488e-01
-7.785050272941589355e-01 1.105663403868675232e-01 1.136740922927856445e+00 2.411096096038818359e-01 -2.654725909233093262e-01 -2.211684286594390869e-01 3.354044258594512939e-01 5.561047196388244629e-01
-6.010823249816894531e-01 5.392599105834960938e-01 9.454202055931091309e-01 -6.873440742492675781e-02 -7.489553093910217285e-01 -7.479836940765380859e-01 3.970817625522613525e-01 1.033055484294891357e-01
-3.039031028747558594e-01 -3.745055943727493286e-02 4.556087255477905273e-01 1.141489669680595398e-01 -1.072394132614135742e+00 -9.835954308509826660e-01 6.799940466880798340e-01 -3.345126286149024963e-02
3.602365553379058838e-01 3.237725794315338135e-01 2.967322468757629395e-01 -2.783739864826202393e-01 -5.257230401039123535e-01 -1.057819962501525879e+00 4.054415225982666016e-01 5.417154356837272644e-02
7.210079431533813477e-01 1.398914307355880737e-01 1.022330601699650288e-03 7.974264025688171387e-02 -3.440724909305572510e-01 -1.059905409812927246e+00 -8.691903948783874512e-02 -2.418278343975543976e-02
2.882841527462005615e-01 5.426768064498901367e-01 3.052040040493011475e-01 -1.598149538040161133e-01 4.859487712383270264e-01 -1.823874711990356445e-01 3.436410129070281982e-01 1.751362204551696777e+00
-1.075093299150466919e-01 3.378854095935821533e-01 1.016618967056274414e+00 -8.103406988084316254e-03 5.107160806655883789e-01 1.630935221910476685e-01 8.333291411399841309e-01 1.342304944992065430e+00
-1.712960600852966309e-01 3.866880536079406738e-01 1.395968675613403320e+00 -2.017629742622375488e-01 -7.632325291633605957e-01 2.909496128559112549e-01 7.608203291893005371e-01 1.315446615219116211e+00
-1.292160302400588989e-01 1.391657534986734390e-02 1.276662386953830719e-02 4.435345828533172607e-01 -8.289720416069030762e-01 -4.576409459114074707e-01 9.118283987045288086e-01 5.063554048538208008e-01
4.081288278102874756e-01 -9.817993640899658203e-01 -4.432190060615539551e-01 6.303112506866455078e-01 5.550725385546684265e-02 -1.311136007308959961e+00 -1.377061158418655396e-01 1.492814570665359497e-01
-3.016809225082397461e-01 -8.963222503662109375e-01 -6.991463303565979004e-01 4.735414981842041016e-01 -4.410351812839508057e-01 -1.099533200263977051e+00 5.017504468560218811e-02 7.606807947158813477e-01
-8.059733361005783081e-02 -7.251035571098327637e-01 1.477096676826477051e-01 -2.669316232204437256e-01 -1.045447945594787598e+00 -6.647022366523742676e-01 2.186904698610305786e-01 9.652639627456665039e-01
-9.890428930521011353e-02 -4.271435439586639404e-01 1.606177091598510742e+00 -2.939171195030212402e-01 -6.448649764060974121e-01 1.087540462613105774e-01 1.571250706911087036e-01 1.116536498069763184e+00
-1.485017687082290649e-01 3.410477936267852783e-01 7.359316945075988770e-01 4.994925856590270996e-01 -7.461103200912475586e-01 -2.548076808452606201e-01 9.764332175254821777e-01 1.257360726594924927e-01
4.095456600189208984e-01 5.852289199829101562e-01 4.503269493579864502e-01 3.842485547065734863e-01 -2.121459543704986572e-01 -7.804734110832214355e-01 1.121785879135131836e+00 -2.784260213375091553e-01
7.496611475944519043e-01 3.094381690025329590e-01 4.088020324707031250e-01 6.934992223978042603e-02 4.696688428521156311e-02 -8.378716707229614258e-01 3.968368172645568848e-01 -1.299402862787246704e-01
-1.241066381335258484e-01 5.511643886566162109e-01 -8.868447691202163696e-02 -9.856761246919631958e-02 -1.603147834539413452e-01 -9.597496986389160156e-01 3.823957219719886780e-02 5.569765567779541016e-01
3.705908656120300293e-01 2.664123773574829102e-01 -1.917844116687774658e-01 7.450214028358459473e-02 -3.433326780796051025e-01 -7.321736812591552734e-01 -3.730235695838928223e-01 6.819672584533691406e-01
-9.479343146085739136e-02 3.758313357830047607e-01 -3.532035052776336670e-01 1.706270575523376465e-01 2.839139290153980255e-02 -5.061923265457153320e-01 2.687785327434539795e-01 1.201826214790344238e+00
2.150381207466125488e-01 -3.770742192864418030e-02 -1.205041259527206421e-01 7.262359857559204102e-01 -1.118728891015052795e-01 -1.140059605240821838e-01 -2.271167635917663574e-01 9.342689514160156250e-01
8.407554030418395996e-01 -5.538428425788879395e-01 -5.769000388681888580e-03 9.403693079948425293e-01 -5.271090269088745117e-01 -2.364461570978164673e-01 2.380093634128570557e-01 3.158955872058868408e-01
7.610435485839843750e-01 -4.758592844009399414e-01 2.601630985736846924e-01 4.911736249923706055e-01 -5.789041519165039062e-01 -3.622373640537261963e-01 -7.198754549026489258e-01 4.890584051609039307e-01
5.964999552816152573e-03 -3.854322731494903564e-01 4.705461859703063965e-01 -3.548147156834602356e-02 -2.883806228637695312e-01 -8.643935918807983398e-01 -9.982182979583740234e-01 5.631436109542846680e-01
-2.543424963951110840e-01 2.534688711166381836e-01 -2.162010967731475830e-02 -4.349151849746704102e-01 -1.537022292613983154e-01 -1.238050222396850586e+00 -3.312295079231262207e-01 7.347057461738586426e-01
-9.059767723083496094e-01 -3.441313505172729492e-01 8.679060935974121094e-01 -3.684437274932861328e-02 1.203913763165473938e-01 -7.413869500160217285e-01 -2.267406880855560303e-01 7.310802340507507324e-01
-5.912026762962341309e-01 -2.031648755073547363e-01 9.958717823028564453e-01 9.013609960675239563e-03 -5.906542539596557617e-01 -3.117988407611846924e-01 4.005842208862304688e-01 6.186786890029907227e-01
-5.178453922271728516e-01 -1.008986949920654297e+00 7.814897894859313965e-01 8.247690200805664062e-01 -6.702416539192199707e-01 -1.718360036611557007e-01 -2.559782005846500397e-02 7.154480218887329102e-01
3.415896371006965637e-02 4.395166039466857910e-01 1.473487913608551025e-01 1.155386328697204590e+00 1.192481964826583862e-01 -2.461869153194129467e-04 1.509082168340682983e-01 5.665160417556762695e-01
3.786396384239196777e-01 -1.850770860910415649e-01 -7.541228085756301880e-02 7.990731596946716309e-01 -9.490250945091247559e-01 6.596365571022033691e-02 5.548191666603088379e-01 9.973109364509582520e-01
1.901162713766098022e-01 2.570935487747192383e-01 3.337729871273040771e-01 5.400251150131225586e-01 -1.150836586952209473e+00 -3.572089672088623047e-01 3.622491359710693359e-01 2.131852507591247559e-01
-1.166562736034393311e-01 2.281044125556945801e-01 3.003290593624114990e-01 1.990994662046432495e-01 -9.784725308418273926e-01 -6.443338990211486816e-01 -6.561829359270632267e-04 2.893579304218292236e-01
1.067148089408874512e+00 -8.724565505981445312e-01 -1.231369674205780029e-01 -1.575449854135513306e-01 5.104886889457702637e-01 -1.115799665451049805e+00 -3.554309010505676270e-01 6.928457617759704590e-01
1.171734333038330078e+00 -4.191823899745941162e-01 2.111821174621582031e-01 1.572272628545761108e-01 3.115808069705963135e-01 -6.973333358764648438e-01 5.299114584922790527e-01 1.784180253744125366e-01
2.260235995054244995e-01 1.752123981714248657e-01 -3.524476885795593262e-01 5.320512652397155762e-01 -1.576899141073226929e-01 -6.246829628944396973e-01 1.254118442535400391e+00 5.232796072959899902e-01
4.669536352157592773e-01 3.910173475742340088e-01 1.458236426115036011e-01 6.793684959411621094e-01 -8.668565005064010620e-02 -2.174272239208221436e-01 1.357281565666198730e+00 4.488911330699920654e-01
4.308798909187316895e-01 1.998065263032913208e-01 7.154180407524108887e-01 6.960006952285766602e-01 -1.508193910121917725e-01 -5.169190093874931335e-02 6.262198686599731445e-01 1.184991970658302307e-01
3.665905296802520752e-01 8.140408992767333984e-02 7.148856520652770996e-01 5.117596983909606934e-01 6.426438093185424805e-01 -2.554220259189605713e-01 3.108549416065216064e-01 1.898979991674423218e-01
5.158686637878417969e-01 7.847146391868591309e-01 3.747010529041290283e-01 3.211661577224731445e-01 2.517598681151866913e-02 -4.338685274124145508e-01 3.736439347267150879e-01 2.014357149600982666e-01
3.405165374279022217e-01 3.913739025592803955e-01 2.156006246805191040e-01 6.767247319221496582e-01 -9.140683710575103760e-02 -2.238570451736450195e-01 1.332919836044311523e+00 4.003558158874511719e-01
7.701302170753479004e-01 1.602207571268081665e-01 5.843311548233032227e-01 -1.367196142673492432e-01 2.321257889270782471e-01 -6.022027134895324707e-02 1.243606925010681152e+00 1.059182047843933105e+00
5.338669419288635254e-01 1.817560046911239624e-01 1.279167830944061279e-01 4.723993241786956787e-01 6.603013258427381516e-03 -7.359564304351806641e-01 1.207309246063232422e+00 -4.911309853196144104e-02
3.377087712287902832e-01 -3.914395812898874283e-03 -1.392154395580291748e-01 2.089584022760391235e-01 -4.248288273811340332e-01 -9.484205245971679688e-01 1.200247526168823242e+00 1.366150677204132080e-01
5.095986127853393555e-01 1.754935383796691895e-01 4.038483202457427979e-01 3.102540671825408936e-01 -3.550178706645965576e-01 -6.831704974174499512e-01 1.257092833518981934e+00 -1.013841703534126282e-01
5.762927532196044922e-01 -6.677676737308502197e-02 5.584882497787475586e-01 1.559462994337081909e-01 -1.316178888082504272e-01 -1.179338932037353516e+00 9.945229887962341309e-01 -4.949047267436981201e-01
7.234589457511901855e-01 1.917921155691146851e-01 8.329017162322998047e-01 4.818429350852966309e-01 1.014489233493804932e-01 -4.272660613059997559e-01 1.196943044662475586e+00 -2.203917503356933594e-01
5.268545746803283691e-01 -3.118003010749816895e-01 2.673083245754241943e-01 8.604995608329772949e-01 -1.960991881787776947e-02 -1.173500791192054749e-01 6.782958507537841797e-01 3.094208836555480957e-01
-8.526439666748046875e-01 -4.618154168128967285e-01 1.296253204345703125e+00 5.915903449058532715e-01 3.736504614353179932e-01 -4.514741599559783936e-01 -3.940888680517673492e-03 3.223640024662017822e-01
-6.885848045349121094e-01 -7.344469428062438965e-01 1.215272188186645508e+00 2.660525739192962646e-01 1.011042669415473938e-01 -5.220559239387512207e-01 -4.682385362684726715e-03 4.764187335968017578e-01
-7.078251242637634277e-01 -7.377851605415344238e-01 8.523705601692199707e-01 6.639283895492553711e-01 5.899834036827087402e-01 -4.443217217922210693e-01 9.002127498388290405e-02 5.507863163948059082e-01
-4.025499522686004639e-01 -7.841370999813079834e-02 5.477262139320373535e-01 9.786311984062194824e-01 4.525637030601501465e-01 -1.400917023420333862e-01 8.911320939660072327e-03 4.585190117359161377e-01
6.184432506561279297e-01 7.970324158668518066e-01 9.982423782348632812e-01 -4.451634585857391357e-01 -9.332662820816040039e-02 -2.949455082416534424e-01 1.202349305152893066e+00 7.000880241394042969e-01
1.288016676902770996e+00 5.701491832733154297e-01 1.005929589271545410e+00 -2.095746397972106934e-01 1.501982565969228745e-02 -9.876613318920135498e-02 6.432805061340332031e-01 6.152223944664001465e-01
8.550745248794555664e-01 8.115626573562622070e-01 6.266518831253051758e-01 -2.968810498714447021e-01 -4.174686968326568604e-01 -3.473937809467315674e-01 5.438711047172546387e-01 6.357992887496948242e-01
-9.081759303808212280e-02 5.308799147605895996e-01 8.683997988700866699e-01 8.127996325492858887e-02 -2.529291212558746338e-01 -5.531816482543945312e-01 1.464007049798965454e-01 5.970063060522079468e-02
-6.577140837907791138e-02 -5.125548839569091797e-01 1.144400835037231445e+00 1.303514000028371811e-03 -2.416994720697402954e-01 -5.986526608467102051e-01 -1.287871003150939941e-01 2.055464684963226318e-01
-6.949661374092102051e-01 -1.831220984458923340e-01 1.079358339309692383e+00 1.068796962499618530e-01 6.682663559913635254e-01 -5.667808651924133301e-01 -1.649289578199386597e-01 6.417663693428039551e-01
-9.162501692771911621e-01 -4.007261395454406738e-01 5.462840199470520020e-01 2.386221736669540405e-01 5.174528956413269043e-01 -6.322434544563293457e-01 -1.315206885337829590e-01 9.362447261810302734e-01
-6.361420154571533203e-01 -8.759896159172058105e-01 7.951427698135375977e-01 6.254613399505615234e-01 -5.564916729927062988e-01 -2.495113313198089600e-01 5.665019154548645020e-01 6.368605494499206543e-01
-1.650774627923965454e-01 -3.771218359470367432e-01 1.449880897998809814e-01 -9.661842882633209229e-02 7.379342317581176758e-01 -9.053647518157958984e-01 -1.151662170886993408e-01 8.316589593887329102e-01
3.140819072723388672e-01 -2.692531347274780273e-01 9.035219997167587280e-02 -5.070441961288452148e-01 2.082410305738449097e-01 -9.761360883712768555e-01 -6.936585307121276855e-01 1.165196418762207031e+00
4.002760052680969238e-01 -3.753164410591125488e-01 8.732172250747680664e-01 -1.947020590305328369e-01 2.649794816970825195e-01 -5.010809302330017090e-01 -5.363780856132507324e-01 6.215592026710510254e-01
6.425767391920089722e-02 2.664854824542999268e-01 9.247686266899108887e-01 -1.098273694515228271e-01 3.922128379344940186e-01 -6.820244193077087402e-01 -3.674343824386596680e-01 2.674812674522399902e-01
2.078070044517517090e-01 3.202449679374694824e-01 1.033245086669921875e+00 1.625571846961975098e-01 5.528717041015625000e-01 2.079489976167678833e-01 -1.150963157415390015e-01 1.232340931892395020e+00
9.449636340141296387e-01 -3.106781244277954102e-01 3.009701371192932129e-01 -4.037750363349914551e-01 2.374449670314788818e-01 -3.387771248817443848e-01 -2.823650836944580078e-01 1.478309273719787598e+00
1.092832446098327637e+00 -4.795294702053070068e-01 3.915877938270568848e-01 -5.377799868583679199e-01 -1.282032281160354614e-01 -2.772103250026702881e-01 -1.958264857530593872e-01 1.498573660850524902e+00
-5.462203547358512878e-02 -2.391780614852905273e-01 -8.782887458801269531e-02 -6.516979932785034180e-01 3.823598921298980713e-01 -1.244724154472351074e+00 3.983016312122344971e-02 1.048154711723327637e+00
8.110838532447814941e-01 -8.307153731584548950e-02 -2.392252534627914429e-01 1.897128820419311523e-01 2.434699088335037231e-01 -6.787378787994384766e-01 -5.335825085639953613e-01 7.527970671653747559e-01
1.144171953201293945e+00 3.355560898780822754e-01 4.373064637184143066e-01 -4.639648199081420898e-01 -2.737050354480743408e-01 -4.408020079135894775e-01 -3.824946284294128418e-01 1.054009079933166504e+00
2.715663909912109375e-01 8.355460762977600098e-01 2.587442398071289062e-01 -2.257359176874160767e-01 -2.848380208015441895e-01 -2.593264579772949219e-01 6.248198747634887695e-01 1.523999929428100586e+00
4.153794348239898682e-01 -2.447622418403625488e-01 -4.675540700554847717e-02 7.340521812438964844e-01 -9.009604454040527344e-01 7.108409702777862549e-02 6.243230700492858887e-01 1.029461860656738281e+00
9.104603528976440430e-01 7.290096282958984375e-01 4.351004660129547119e-01 4.127020761370658875e-02 -1.719124168157577515e-01 -1.522109191864728928e-02 -2.379727512598037720e-01 1.647669911384582520e+00
6.746841073036193848e-01 8.613447844982147217e-02 6.732135415077209473e-01 4.026457667350769043e-01 -3.728105723857879639e-01 4.378415644168853760e-01 -1.776372790336608887e-01 1.390028595924377441e+00
-8.733170479536056519e-02 -6.443359255790710449e-01 2.002097964286804199e-01 1.025017738342285156e+00 8.846117556095123291e-02 4.942275583744049072e-02 5.099952816963195801e-01 8.151503801345825195e-01
-2.393494546413421631e-01 -3.850104808807373047e-01 6.519292593002319336e-01 7.625271081924438477e-01 5.328282713890075684e-01 -7.704550400376319885e-03 8.657324314117431641e-02 7.481091022491455078e-01
6.428267359733581543e-01 -3.130897283554077148e-01 5.395991802215576172e-01 -1.441645324230194092e-01 -9.622036218643188477e-01 1.641553044319152832e-01 8.283103257417678833e-02 1.564483284950256348e+00
-5.027576908469200134e-02 3.980266749858856201e-01 1.380551338195800781e+00 -2.272489815950393677e-01 7.226141095161437988e-01 5.364680290222167969e-02 4.503844082355499268e-01 1.243619918823242188e+00
-5.996109247207641602e-01 1.731698215007781982e-01 1.533015727996826172e+00 -6.889317184686660767e-02 4.001577496528625488e-01 -5.561059713363647461e-01 -1.726204305887222290e-01 3.645013868808746338e-01
8.502542376518249512e-01 -7.816530466079711914e-01 7.071383297443389893e-02 -2.034668922424316406e-01 -1.023787632584571838e-01 -1.571863889694213867e+00 1.981636583805084229e-01 -3.749581426382064819e-02
-7.076445817947387695e-01 1.278164088726043701e-01 1.087717175483703613e+00 3.798596560955047607e-01 8.527585864067077637e-01 -5.060464739799499512e-01 -1.656759679317474365e-01 4.737167656421661377e-01
-2.272367030382156372e-01 1.266682744026184082e-01 8.079471588134765625e-01 -1.830061376094818115e-01 -1.841511726379394531e-01 -1.090675592422485352e+00 -7.267843484878540039e-01 1.486914902925491333e-01
2.282574027776718140e-01 -6.828559935092926025e-02 1.086430311203002930e+00 -1.633478254079818726e-01 3.135640872642397881e-04 -8.853545188903808594e-01 -1.030574321746826172e+00 2.039219141006469727e-01
7.933442592620849609e-01 -1.049600601196289062e+00 2.437998205423355103e-01 3.697581291198730469e-01 -4.119846597313880920e-02 -9.767460823059082031e-01 -5.819467902183532715e-01 1.626959443092346191e-01
1.095924496650695801e+00 2.141087502241134644e-02 8.257229924201965332e-01 -7.528522610664367676e-01 9.008458256721496582e-01 -4.915685057640075684e-01 6.925151944160461426e-01 1.107554197311401367e+00
3.325268328189849854e-01 7.327913045883178711e-01 7.618762850761413574e-01 -7.212476730346679688e-01 9.401234239339828491e-02 -5.821229815483093262e-01 9.806191325187683105e-01 9.099081754684448242e-01
6.013609170913696289e-01 5.238206386566162109e-01 1.198338065296411514e-02 2.335231006145477295e-01 -2.413487583398818970e-01 -1.191078066825866699e+00 -1.404791474342346191e-01 -2.268660366535186768e-01
3.302077353000640869e-01 2.078139632940292358e-01 1.952793836593627930e+00 -4.123118221759796143e-01 3.293846249580383301e-01 -1.596355587244033813e-01 1.053806900978088379e+00 4.231292307376861572e-01
-1.288888305425643921e-01 -2.844651043415069580e-01 1.575732707977294922e+00 -1.695289164781570435e-01 -2.490835078060626984e-02 1.835969388484954834e-01 7.355901002883911133e-01 9.917705059051513672e-01
-2.286359071731567383e-01 -7.118422538042068481e-02 1.289575815200805664e+00 -8.962008953094482422e-01 -4.564343988895416260e-01 -3.283404111862182617e-01 2.103700637817382812e-01 1.422050237655639648e+00
5.159739851951599121e-01 3.000746667385101318e-02 4.320007860660552979e-01 -1.017671916633844376e-02 -1.074799656867980957e+00 9.234725683927536011e-02 2.242675423622131348e-01 1.362847208976745605e+00
-1.826587915420532227e-01 -5.301769375801086426e-01 4.866977930068969727e-01 8.399627208709716797e-01 -7.587687969207763672e-01 8.948869258165359497e-02 4.220760166645050049e-01 7.680726647377014160e-01
-6.242966651916503906e-01 -1.043191671371459961e+00 7.964220046997070312e-01 9.648290276527404785e-01 -6.487864851951599121e-01 -1.928814947605133057e-01 -6.151819601655006409e-03 6.748987436294555664e-01
-2.739419937133789062e-01 6.559691429138183594e-01 2.338338941335678101e-01 8.025273084640502930e-01 3.782688379287719727e-01 -7.611172199249267578e-01 1.078653037548065186e-01 -8.035941421985626221e-02
6.404125690460205078e-01 -6.643323600292205811e-02 6.333140730857849121e-01 9.791743010282516479e-02 -1.517122387886047363e-01 -1.201323866844177246e+00 1.040836453437805176e+00 -5.164557695388793945e-01
6.086319088935852051e-01 -3.107351660728454590e-01 8.334117382764816284e-02 4.183643758296966553e-01 -1.417388916015625000e-01 -6.840460300445556641e-01 1.246110677719116211e+00 1.034848317503929138e-01
-1.124398827552795410e+00 -7.457235455513000488e-02 3.439094722270965576e-01 1.072515010833740234e+00 -8.912255764007568359e-01 -1.041563153266906738e+00 4.489289820194244385e-01 -1.640093624591827393e-01
-6.516308784484863281e-01 1.818738877773284912e-01 -1.179069653153419495e-01 9.534185528755187988e-01 -9.066206812858581543e-01 -8.388562798500061035e-01 8.198848962783813477e-01 6.420587003231048584e-02
-5.792979001998901367e-01 -7.663252949714660645e-01 8.865456096827983856e-03 8.598426580429077148e-01 -9.140363931655883789e-01 -8.776392340660095215e-01 -2.922240495681762695e-01 3.625724613666534424e-01
1.529741734266281128e-01 -8.360425829887390137e-01 5.020490288734436035e-01 7.573555111885070801e-01 -1.109042048454284668e+00 -4.869069159030914307e-01 -3.702023029327392578e-01 2.372010052204132080e-01
9.364747405052185059e-01 -2.939984798431396484e-01 6.721398234367370605e-01 1.095289826393127441e+00 -4.279724955558776855e-01 3.780452534556388855e-02 4.126484692096710205e-01 7.031755056232213974e-03
6.393340229988098145e-01 -3.521057963371276855e-01 3.470126986503601074e-01 1.195246934890747070e+00 4.745285585522651672e-02 -1.024362668395042419e-01 5.853280425071716309e-01 6.939142942428588867e-02
5.459174886345863342e-02 1.480445563793182373e-01 8.171891421079635620e-02 6.462597846984863281e-01 -8.623583316802978516e-01 -1.134192571043968201e-01 -3.192234039306640625e-01 8.510978221893310547e-01
-3.572902977466583252e-01 -2.352765202522277832e-01 6.402602791786193848e-01 -7.213997840881347656e-01 -6.578710675239562988e-01 -4.136274755001068115e-01 2.177462577819824219e-01 1.673029065132141113e+00
6.001956462860107422e-01 -2.530824840068817139e-01 2.179213315248489380e-01 -8.682221770286560059e-01 -1.014307979494333267e-02 -6.128752827644348145e-01 3.562920987606048584e-01 1.537738323211669922e+00
5.397511124610900879e-01 1.423649117350578308e-02 1.404443830251693726e-01 6.675908565521240234e-01 -3.400056958198547363e-01 -4.216271340847015381e-01 -6.497153639793395996e-01 3.428482115268707275e-01
5.267360806465148926e-01 -4.511284530162811279e-01 -6.380955129861831665e-02 -4.028665423393249512e-01 1.092693805694580078e-01 -1.178574562072753906e+00 -3.072103857994079590e-01 6.724538803100585938e-01
4.050426185131072998e-01 -9.308936446905136108e-02 3.151066005229949951e-01 -3.293965458869934082e-01 7.347148656845092773e-01 -6.999445557594299316e-01 5.200137495994567871e-01 7.405041456222534180e-01
6.667437553405761719e-01 -2.567427977919578552e-02 4.379099309444427490e-01 -5.174481123685836792e-02 6.276299357414245605e-01 -8.296529650688171387e-01 8.409911990165710449e-01 9.587247669696807861e-02
8.973523378372192383e-01 -6.044602394104003906e-01 5.389931052923202515e-02 -2.235700488090515137e-01 1.316078454256057739e-01 -2.636861801147460938e-01 1.063637971878051758e+00 1.423189401626586914e+00
9.281405210494995117e-01 -8.594881296157836914e-01 4.478897154331207275e-01 -7.113428115844726562e-01 -2.861060798168182373e-01 -6.332523226737976074e-01 8.037672638893127441e-01 9.608097076416015625e-01
6.627448201179504395e-01 -5.086113214492797852e-01 4.224159419536590576e-01 -1.314063817262649536e-01 5.057286620140075684e-01 -7.089315652847290039e-01 7.527653574943542480e-01 3.600022792816162109e-01
6.863085627555847168e-01 -6.084569096565246582e-01 7.912610769271850586e-01 3.271908164024353027e-01 -1.313823908567428589e-01 -4.453133642673492432e-01 5.494210124015808105e-01 9.531212039291858673e-03
-5.071378946304321289e-01 -8.022106289863586426e-01 -4.217964708805084229e-01 1.904853880405426025e-01 3.227465450763702393e-01 -1.426335811614990234e+00 -3.471991419792175293e-01 7.505518198013305664e-01
-3.633823990821838379e-01 -3.650682270526885986e-01 -1.397357881069183350e-01 4.448103904724121094e-01 1.122147202491760254e+00 -1.351947784423828125e+00 -1.833666414022445679e-01 3.779179155826568604e-01
-8.854737877845764160e-01 -1.756065897643566132e-02 -7.856842875480651855e-02 3.348808288574218750e-01 5.329362750053405762e-01 -1.499093770980834961e+00 -1.509712636470794678e-01 2.505649626255035400e-01
2.167356014251708984e-02 5.694717541337013245e-02 9.116513133049011230e-01 -1.268306225538253784e-01 -9.791576266288757324e-01 -4.440378248691558838e-01 9.236187487840652466e-02 3.444305658340454102e-01
1.159701943397521973e+00 -5.819815993309020996e-01 7.826320528984069824e-01 7.528995275497436523e-01 -2.586588263511657715e-01 -4.749978482723236084e-01 1.375825256109237671e-01 -3.329123556613922119e-01
-3.754460811614990234e-02 -9.070323705673217773e-01 4.409783780574798584e-01 5.143518447875976562e-01 9.691888689994812012e-01 -6.846784353256225586e-01 1.773813962936401367e-01 4.510506093502044678e-01
3.895271420478820801e-01 -3.030258417129516602e-01 5.320791006088256836e-01 5.293405055999755859e-01 1.176134109497070312e+00 -4.331001043319702148e-01 6.148126125335693359e-01 3.047563135623931885e-01
2.384090721607208252e-01 4.803909659385681152e-01 1.553359031677246094e+00 -1.478755474090576172e-01 9.537141025066375732e-02 1.788474023342132568e-01 -1.651155501604080200e-01 1.074730634689331055e+00
-4.468715488910675049e-01 -5.852296948432922363e-01 3.371794819831848145e-01 5.794903039932250977e-01 -5.562161803245544434e-01 -1.291020065546035767e-01 9.019948840141296387e-01 8.868535757064819336e-01
1.579867899417877197e-01 -2.897160649299621582e-01 3.701026439666748047e-01 -7.822719961404800415e-02 -5.662424564361572266e-01 1.411767452955245972e-01 6.965799927711486816e-01 1.697243809700012207e+00
9.203702211380004883e-02 -1.121306344866752625e-01 7.354297637939453125e-01 -1.052730157971382141e-01 1.134725093841552734e+00 -8.249854445457458496e-01 -2.257430925965309143e-02 4.176145195960998535e-01
7.554804086685180664e-01 -6.054407954216003418e-01 6.330437064170837402e-01 2.507885992527008057e-01 6.389884948730468750e-01 -2.368419915437698364e-01 1.777936965227127075e-01 5.445315837860107422e-01
4.575845897197723389e-01 -4.692334532737731934e-01 1.034417524933815002e-01 5.504875183105468750e-01 6.856770515441894531e-01 -4.315161705017089844e-01 -1.351013630628585815e-01 5.769152641296386719e-01
-1.103954762220382690e-01 -5.319457054138183594e-01 1.853257417678833008e-01 8.399366140365600586e-01 -8.201375603675842285e-01 1.300660986453294754e-02 3.052418231964111328e-01 8.963046669960021973e-01
5.591621994972229004e-01 -1.195723056793212891e+00 3.394519984722137451e-01 -4.248655438423156738e-01 -7.134055495262145996e-01 -3.824241459369659424e-01 2.691854536533355713e-01 1.394488453865051270e+00
3.535253703594207764e-01 -3.686900734901428223e-01 3.610486686229705811e-01 2.315094470977783203e-01 8.576553463935852051e-01 -6.375052332878112793e-01 -5.739104151725769043e-01 6.358361840248107910e-01
2.765329182147979736e-01 4.862233698368072510e-01 1.881264895200729370e-01 1.224187389016151428e-02 -1.882091164588928223e-01 -1.139939069747924805e+00 2.662373483180999756e-01 -1.575778722763061523e-01
4.815829917788505554e-02 2.368346787989139557e-02 9.838454425334930420e-02 -5.345203280448913574e-01 -3.633960187435150146e-01 -1.369766235351562500e+00 -5.086985602974891663e-02 3.584096729755401611e-01
1.358030200004577637e+00 -5.856088399887084961e-01 9.039913415908813477e-01 -5.329696536064147949e-01 1.292341649532318115e-01 -4.330303370952606201e-01 7.681062221527099609e-01 6.493806242942810059e-01
-1.809972524642944336e-02 -6.069322824478149414e-01 -1.151051521301269531e-01 7.099200487136840820e-01 1.092254400253295898e+00 -1.586985349655151367e+00 2.010207474231719971e-01 -1.741439253091812134e-01
6.750184297561645508e-01 -1.531336456537246704e-01 6.743621826171875000e-01 3.826823532581329346e-01 -7.510346770286560059e-01 -4.751341044902801514e-02 4.966589808464050293e-01 3.605299293994903564e-01
1.447872072458267212e-01 -1.640592664480209351e-01 1.165768265724182129e+00 -3.974511921405792236e-01 -3.714891374111175537e-01 -1.032249808311462402e+00 6.290508806705474854e-02 -1.324265450239181519e-01
-4.538454115390777588e-01 -8.300428390502929688e-01 -5.107471719384193420e-02 9.403220415115356445e-01 9.160864353179931641e-01 -1.110812425613403320e+00 -3.336044028401374817e-02 2.944473326206207275e-01
-9.995993971824645996e-02 -1.199172139167785645e+00 -1.410797983407974243e-01 7.339854836463928223e-01 3.876841068267822266e-01 -8.915010690689086914e-01 2.479214221239089966e-02 5.193582773208618164e-01
-6.338326930999755859e-01 -6.031118035316467285e-01 3.690079748630523682e-01 7.056021690368652344e-01 5.692861080169677734e-01 -9.866024851799011230e-01 9.821712225675582886e-02 1.326193213462829590e-01
-1.256532520055770874e-01 -7.179672271013259888e-02 1.307990789413452148e+00 4.455944895744323730e-01 2.730942368507385254e-01 -7.173596620559692383e-01 -5.238372683525085449e-01 -2.191955000162124634e-01
7.988995313644409180e-02 -4.877387881278991699e-01 1.339206814765930176e+00 3.082164227962493896e-01 -4.009588062763214111e-01 -5.947488546371459961e-01 -8.379920125007629395e-01 2.510713413357734680e-02
-3.145505487918853760e-01 -2.100853249430656433e-02 4.842944145202636719e-01 1.268740296363830566e+00 2.429980188608169556e-01 -8.281894773244857788e-02 -4.789976477622985840e-01 4.813360571861267090e-01
-4.431171119213104248e-01 -2.304381504654884338e-02 -3.752610087394714355e-01 1.181608796119689941e+00 -1.136283576488494873e-01 -8.682257533073425293e-01 9.290124773979187012e-01 5.197307839989662170e-02
-2.691343724727630615e-01 -4.908657968044281006e-01 4.412075877189636230e-01 6.990005373954772949e-01 -1.545478701591491699e+00 -7.413295656442642212e-02 1.103904098272323608e-02 9.011427164077758789e-01
2.528798282146453857e-01 -6.825903803110122681e-02 3.015147447586059570e-01 -1.917248219251632690e-02 -5.010534524917602539e-01 -1.275747895240783691e+00 9.142707586288452148e-01 -2.759439945220947266e-01
6.386349797248840332e-01 -4.557389020919799805e-01 5.266883969306945801e-01 1.026061698794364929e-01 -2.320895344018936157e-01 -9.971904754638671875e-01 1.005130529403686523e+00 -2.405097931623458862e-01
9.507027268409729004e-02 -6.620422601699829102e-01 4.689621627330780029e-01 7.920690625905990601e-02 8.583255410194396973e-01 -1.063791513442993164e+00 4.385515451431274414e-01 1.680961996316909790e-01
5.756747722625732422e-01 -4.231692850589752197e-01 1.723811477422714233e-01 -4.808814823627471924e-01 2.253126800060272217e-01 -1.254788756370544434e+00 -1.830315142869949341e-01 4.453181624412536621e-01
4.149414300918579102e-01 -1.056200861930847168e+00 -1.618392318487167358e-01 6.631938815116882324e-01 2.417929768562316895e-01 -1.531077980995178223e+00 -3.672605752944946289e-01 -1.150603219866752625e-01
3.317955732345581055e-01 -6.117514967918395996e-01 1.460177898406982422e-01 5.783556103706359863e-01 -2.886442840099334717e-01 -1.366841554641723633e+00 -7.603302597999572754e-01 -2.448689937591552734e-01
4.058455303311347961e-02 -5.107888579368591309e-01 4.410949647426605225e-01 9.228624105453491211e-01 -1.037900209426879883e+00 1.127729192376136780e-01 -2.317479252815246582e-01 8.514193296432495117e-01
-2.174902260303497314e-01 -3.108224868774414062e-01 4.778996407985687256e-01 9.528906941413879395e-01 -2.559722401201725006e-02 -7.419756054878234863e-02 -4.323062598705291748e-01 6.291308403015136719e-01
2.871725857257843018e-01 -7.942910194396972656e-01 6.379078626632690430e-01 9.997928142547607422e-01 -2.934467196464538574e-01 -2.542555332183837891e-01 -1.155224815011024475e-01 1.354043483734130859e-01
3.355279266834259033e-01 -5.743750929832458496e-01 8.768376111984252930e-01 1.080417275428771973e+00 1.032022088766098022e-01 -1.779799610376358032e-01 4.064173996448516846e-01 -1.147373989224433899e-01
5.584266781806945801e-01 -7.688172161579132080e-02 1.520545929670333862e-01 7.959743142127990723e-01 -4.414535164833068848e-01 -5.181810259819030762e-01 -7.227477431297302246e-01 1.375550627708435059e-01
-8.213227391242980957e-01 4.406383037567138672e-01 4.705763980746269226e-02 8.637226819992065430e-01 5.231615304946899414e-01 -1.195471167564392090e+00 5.762540102005004883e-01 -1.688735187053680420e-01
3.508403003215789795e-01 -7.497654557228088379e-01 1.099975466728210449e+00 7.484849095344543457e-01 2.058924138545989990e-01 -7.067023217678070068e-02 5.861602425575256348e-01 1.522712856531143188e-01
-2.925117909908294678e-01 -9.465702176094055176e-01 7.338461875915527344e-01 1.049473047256469727e+00 -7.798127084970474243e-02 -5.901628732681274414e-02 2.772903740406036377e-01 5.318878889083862305e-01
-8.106377124786376953e-01 -5.018283128738403320e-01 1.402745366096496582e+00 6.052470207214355469e-01 4.105248749256134033e-01 -4.020785093307495117e-01 1.693564280867576599e-02 3.461515605449676514e-01
-7.219422459602355957e-01 -2.717231214046478271e-01 2.483182996511459351e-01 1.095381140708923340e+00 -1.756752580404281616e-01 -9.088989496231079102e-01 7.148077487945556641e-01 -1.895735114812850952e-01
-8.625673055648803711e-01 -1.395500302314758301e-01 8.264909982681274414e-01 6.188606619834899902e-01 5.439580678939819336e-01 -1.236692667007446289e+00 -6.587099283933639526e-02 -2.586197257041931152e-01
6.562345027923583984e-01 2.522944509983062744e-01 1.387151360511779785e+00 2.353078573942184448e-01 4.600286111235618591e-02 -1.466235965490341187e-01 -4.856505617499351501e-02 -1.078908890485763550e-02
-5.120170712471008301e-01 4.196748733520507812e-01 -1.792867630720138550e-01 9.252889156341552734e-01 -9.295889735221862793e-02 -1.117937922477722168e+00 4.009496793150901794e-02 -1.647162884473800659e-01
1.948994398117065430e-02 -5.987232923507690430e-02 1.047446802258491516e-01 1.154113411903381348e+00 -4.386846125125885010e-01 -1.258875608444213867e+00 2.589161098003387451e-01 -7.088538408279418945e-01
5.209200382232666016e-01 -1.399424225091934204e-01 2.064804732799530029e-01 8.049427866935729980e-01 -2.751962840557098389e-01 -5.111486911773681641e-01 -8.367158770561218262e-01 1.740913391113281250e-01
6.331119537353515625e-01 2.448834478855133057e-03 8.835270404815673828e-01 8.210662007331848145e-01 -1.407807618379592896e-01 -5.584596395492553711e-01 4.501843750476837158e-01 -5.722635984420776367e-01
3.821322917938232422e-01 -3.599523305892944336e-01 3.883634507656097412e-01 -4.018064439296722412e-01 -3.387760818004608154e-01 -1.478518247604370117e+00 1.262504309415817261e-01 -9.421364963054656982e-02
8.714454621076583862e-02 -7.808350920677185059e-01 2.409296035766601562e-01 1.374609589576721191e+00 -5.250061750411987305e-01 -5.960052609443664551e-01 -3.600102066993713379e-01 -5.599419027566909790e-02
-5.137350559234619141e-01 -8.162890076637268066e-01 2.291747629642486572e-01 1.154083728790283203e+00 -1.046978592872619629e+00 -8.725205659866333008e-01 -1.726255714893341064e-01 4.372047632932662964e-02
-2.870621383190155029e-01 -5.875832438468933105e-01 -6.218398213386535645e-01 8.854576349258422852e-01 -8.639007210731506348e-01 -8.698981404304504395e-01 7.486764788627624512e-01 4.840311706066131592e-01
4.666032493114471436e-01 -7.653897404670715332e-01 3.080354034900665283e-01 -4.129621982574462891e-01 1.705897003412246704e-01 -1.394302129745483398e+00 4.829242825508117676e-01 1.768956780433654785e-01
-5.633785128593444824e-01 -6.769130378961563110e-02 -1.216998398303985596e-01 6.536574363708496094e-01 -9.459983706474304199e-01 -1.383479714393615723e+00 5.474966764450073242e-01 -2.164532542228698730e-01
1.451368331909179688e-01 -4.706196486949920654e-01 1.109591275453567505e-01 -6.330065727233886719e-01 2.873699069023132324e-01 -1.294945001602172852e+00 3.043365776538848877e-01 6.527720689773559570e-01
7.489057779312133789e-01 -8.989850431680679321e-02 1.138582825660705566e+00 -7.913900017738342285e-01 9.115964919328689575e-02 -5.869480371475219727e-01 9.999565482139587402e-01 5.036120414733886719e-01
-8.697702735662460327e-02 -9.996604323387145996e-01 3.231664746999740601e-02 1.565217971801757812e-01 2.071438282728195190e-01 -1.364883542060852051e+00 1.173989027738571167e-01 2.411710321903228760e-01
-5.139311552047729492e-01 -3.232032656669616699e-01 2.062465399503707886e-01 4.164344668388366699e-01 5.307342410087585449e-01 -1.536454677581787109e+00 1.990565657615661621e-01 -2.123541235923767090e-01
4.510774612426757812e-01 -1.209283113479614258e+00 -7.202892750501632690e-02 2.070792950689792633e-02 5.661751702427864075e-02 -5.202002525329589844e-01 2.741417288780212402e-01 1.112076997756958008e+00
-4.370087683200836182e-01 1.532629281282424927e-01 -1.849771440029144287e-01 1.085222244262695312e+00 5.111011266708374023e-01 -9.917495846748352051e-01 -1.046867594122886658e-01 -9.403829462826251984e-03
-2.645569145679473877e-01 -1.141087412834167480e+00 9.194229245185852051e-01 8.891367912292480469e-01 -1.214268729090690613e-01 -7.351192831993103027e-01 -3.903853148221969604e-02 -2.690410055220127106e-02
8.386729657649993896e-02 -8.794366121292114258e-01 7.793270945549011230e-01 4.023414850234985352e-01 -1.468329429626464844e-01 -6.661254763603210449e-01 -7.104903459548950195e-01 2.748916149139404297e-01
-1.046712547540664673e-01 -3.721788525581359863e-02 4.142212569713592529e-01 1.016910314559936523e+00 2.428752183914184570e-02 -1.070454239845275879e+00 9.288160800933837891e-01 -6.489545106887817383e-01
2.748201489448547363e-01 -8.320360779762268066e-01 3.289681375026702881e-01 6.676757931709289551e-01 -3.339691758155822754e-01 -1.789748311042785645e+00 1.352047026157379150e-01 -7.473698258399963379e-01
3.130770623683929443e-01 -8.217043280601501465e-01 6.154149174690246582e-01 3.553799092769622803e-01 -4.175435304641723633e-01 -1.386178016662597656e+00 2.081931531429290771e-01 -4.947033822536468506e-01
2.925306558609008789e-01 -7.831425666809082031e-01 6.570153236389160156e-01 -2.225367873907089233e-01 -3.147074282169342041e-01 -1.861229658126831055e+00 7.876561880111694336e-01 -4.761021435260772705e-01
6.050873398780822754e-01 -5.072807669639587402e-01 1.188516020774841309e+00 1.011631608009338379e+00 -1.773919016122817993e-01 -2.792218141257762909e-02 -1.138086393475532532e-01 -1.003489270806312561e-01
8.872724771499633789e-01 -7.766523957252502441e-01 9.811206161975860596e-02 -2.232600748538970947e-01 -1.309360414743423462e-01 -1.419474244117736816e+00 1.969437748193740845e-01 7.287234067916870117e-02
7.298700213432312012e-01 -6.800627112388610840e-01 4.115569293498992920e-01 5.927793979644775391e-01 -7.271713018417358398e-01 -6.753882765769958496e-01 1.219887286424636841e-01 -1.446321606636047363e-01
6.151524186134338379e-01 -4.540243744850158691e-01 7.714663147926330566e-01 6.381075978279113770e-01 -2.533107101917266846e-01 -5.917434096336364746e-01 4.792888462543487549e-01 -3.593957722187042236e-01
6.846413612365722656e-01 -1.677664518356323242e-01 1.160022377967834473e+00 4.864526540040969849e-02 -2.787279486656188965e-01 -9.022966027259826660e-01 -5.933954715728759766e-01 -3.257743120193481445e-01
7.748616486787796021e-02 -9.783457964658737183e-02 1.028681278228759766e+00 -8.664408326148986816e-02 -2.057003527879714966e-01 -1.160840511322021484e+00 -3.143357336521148682e-01 -3.185740113258361816e-01
4.313110113143920898e-01 -4.337012171745300293e-01 5.686789751052856445e-01 8.578220009803771973e-02 -4.103929698467254639e-01 -1.105493783950805664e+00 -4.447045028209686279e-01 -1.580144912004470825e-01
-4.620386958122253418e-01 -3.331143558025360107e-01 1.018017053604125977e+00 6.669050455093383789e-01 -1.191554218530654907e-01 -1.109075188636779785e+00 -7.635183334350585938e-01 -3.409162461757659912e-01
-3.117987215518951416e-01 -1.825679689645767212e-01 1.390633583068847656e-01 5.438663959503173828e-01 -4.290469586849212646e-01 -1.206559181213378906e+00 6.984913349151611328e-01 -2.902578115463256836e-01
-1.301361769437789917e-01 -9.388031363487243652e-01 9.680715203285217285e-01 -3.167441785335540771e-01 -5.560411214828491211e-01 -4.680583253502845764e-02 3.672679364681243896e-01 1.417263984680175781e+00
-1.536054313182830811e-01 -4.596611261367797852e-01 1.153932690620422363e+00 2.637406885623931885e-01 -5.672535393387079239e-03 -7.296605110168457031e-01 -3.750270307064056396e-01 -1.914491690695285797e-02
-5.864368677139282227e-01 -1.146748661994934082e+00 7.671478986740112305e-01 1.325201153755187988e+00 -1.701609790325164795e-01 -9.703835248947143555e-01 -2.017344832420349121e-01 -1.748409420251846313e-01
-5.185862779617309570e-01 -4.103220999240875244e-01 4.540717601776123047e-01 1.104570150375366211e+00 4.927195608615875244e-01 -1.133379697799682617e+00 -5.882236361503601074e-01 -2.283499836921691895e-01
-7.930701971054077148e-01 -1.383911252021789551e+00 1.217837095260620117e+00 9.946736693382263184e-01 6.024854630231857300e-02 -5.554590821266174316e-01 5.038881301879882812e-01 3.153918981552124023e-01
-8.243326842784881592e-02 -9.341847300529479980e-01 7.663229703903198242e-01 5.612725019454956055e-01 -2.085721790790557861e-01 -1.069806814193725586e+00 2.239345014095306396e-01 -2.735530734062194824e-01
-9.289140999317169189e-02 -8.851960897445678711e-01 3.764964044094085693e-01 3.720189332962036133e-01 -2.714143693447113037e-01 -1.629283666610717773e+00 4.122747778892517090e-01 -4.086947143077850342e-01
5.589099973440170288e-02 -9.491943717002868652e-01 2.727717757225036621e-01 1.061254382133483887e+00 -8.318033069372177124e-02 -1.136627316474914551e+00 1.124003753066062927e-01 -3.595976531505584717e-01
9.598032236099243164e-01 -6.063840538263320923e-02 1.559720873832702637e+00 -1.054489091038703918e-01 8.182549476623535156e-02 8.751355856657028198e-02 1.631788462400436401e-01 4.261593222618103027e-01
1.711181104183197021e-01 -9.703936576843261719e-01 5.891610980033874512e-01 1.320281505584716797e+00 -3.995400965213775635e-01 -1.394027113914489746e+00 -5.880917906761169434e-01 -6.910377740859985352e-01
-3.639383316040039062e-01 -5.592744946479797363e-01 -8.136903494596481323e-02 2.887085676193237305e-01 -1.028715252876281738e+00 -1.241118073463439941e+00 2.449633181095123291e-01 1.634813845157623291e-01
-3.374710083007812500e-01 -1.102304458618164062e+00 6.027103066444396973e-01 5.051782131195068359e-01 -1.731016784906387329e-01 -1.267495870590209961e+00 4.798531830310821533e-01 -1.537382155656814575e-01
-5.035324096679687500e-01 -8.529855608940124512e-01 1.792258620262145996e-01 7.479407787322998047e-01 -7.158437371253967285e-01 -7.901520729064941406e-01 5.218916535377502441e-01 2.608802616596221924e-01
-4.620366096496582031e-01 -1.164132475852966309e+00 8.183983564376831055e-01 1.309804081916809082e+00 -1.436314135789871216e-01 -9.145448803901672363e-01 -2.343925833702087402e-01 -1.942861080169677734e-01
-2.248548567295074463e-01 -9.623090624809265137e-01 1.940692961215972900e-01 1.440737843513488770e+00 -3.101254999637603760e-01 -1.645708560943603516e+00 -4.036548733711242676e-01 -6.134521961212158203e-01
6.152773499488830566e-01 -4.669090509414672852e-01 4.560288786888122559e-01 1.240046739578247070e+00 -5.870087817311286926e-02 -8.522069454193115234e-01 3.372290134429931641e-01 -6.744810342788696289e-01
-6.443377137184143066e-01 -2.106621712446212769e-01 7.602939605712890625e-01 4.311274588108062744e-01 -7.426846027374267578e-01 -6.076980233192443848e-01 7.885660529136657715e-01 1.100782230496406555e-01
2.929303646087646484e-01 -8.117662668228149414e-01 4.232853949069976807e-01 6.334368586540222168e-01 -4.081083536148071289e-01 -1.695180773735046387e+00 6.677874922752380371e-02 -7.194336652755737305e-01
-5.946871638298034668e-01 -1.171739459037780762e+00 6.305612325668334961e-01 9.732986688613891602e-01 -9.055190533399581909e-02 -1.017801284790039062e+00 2.808474302291870117e-01 -4.646985977888107300e-02
-3.618206381797790527e-01 -7.855677604675292969e-01 4.937503337860107422e-01 7.309915423393249512e-01 -3.936507701873779297e-01 -1.337923765182495117e+00 -2.269396334886550903e-01 -3.300440311431884766e-01
7.953782081604003906e-01 1.331886947154998779e-01 1.663894295692443848e+00 -2.389611601829528809e-01 -2.713576257228851318e-01 -1.848689629696309566e-03 7.979082316160202026e-02 3.889942467212677002e-01
