4.000000000000000000e+04
1.050000000000000000e+05
1.850000000000000000e+05
4.000000000000000000e+04
3.050000000000000000e+05
1.800000000000000000e+05
3.900000000000000000e+05
1.800000000000000000e+05
1.850000000000000000e+05
8.500000000000000000e+04
7.500000000000000000e+04
1.400000000000000000e+05
1.700000000000000000e+05
8.500000000000000000e+04
4.500000000000000000e+04
1.750000000000000000e+05
4.000000000000000000e+04
4.500000000000000000e+04
1.700000000000000000e+05
1.950000000000000000e+05
1.050000000000000000e+05
1.950000000000000000e+05
3.950000000000000000e+05
1.850000000000000000e+05
4.500000000000000000e+04
3.500000000000000000e+05
5.000000000000000000e+04
1.950000000000000000e+05
7.000000000000000000e+04
1.000000000000000000e+05
1.250000000000000000e+05
1.300000000000000000e+05
1.300000000000000000e+05
4.500000000000000000e+04
1.050000000000000000e+05
1.800000000000000000e+05
4.000000000000000000e+04
1.300000000000000000e+05
1.850000000000000000e+05
1.500000000000000000e+05
4.000000000000000000e+04
4.000000000000000000e+04
1.300000000000000000e+05
2.050000000000000000e+05
1.100000000000000000e+05
4.600000000000000000e+05
2.400000000000000000e+05
8.500000000000000000e+04
4.000000000000000000e+04
6.500000000000000000e+04
4.000000000000000000e+04
7.000000000000000000e+04
1.950000000000000000e+05
1.300000000000000000e+05
8.000000000000000000e+04
1.000000000000000000e+05
4.000000000000000000e+04
8.500000000000000000e+04
6.500000000000000000e+04
7.500000000000000000e+04
1.800000000000000000e+05
1.000000000000000000e+05
3.950000000000000000e+05
1.000000000000000000e+05
1.000000000000000000e+05
1.800000000000000000e+05
8.500000000000000000e+04
1.100000000000000000e+05
1.250000000000000000e+05
3.950000000000000000e+05
7.000000000000000000e+04
7.000000000000000000e+04
5.000000000000000000e+04
3.900000000000000000e+05
4.000000000000000000e+04
4.500000000000000000e+04
6.500000000000000000e+04
1.000000000000000000e+05
4.500000000000000000e+04
1.300000000000000000e+05
1.000000000000000000e+05
1.700000000000000000e+05
7.000000000000000000e+04
4.000000000000000000e+04
5.000000000000000000e+04
1.950000000000000000e+05
4.500000000000000000e+04
5.500000000000000000e+04
7.000000000000000000e+04
4.000000000000000000e+04
5.200000000000000000e+05
1.800000000000000000e+05
8.500000000000000000e+04
7.000000000000000000e+04
7.500000000000000000e+04
5.000000000000000000e+04
4.000000000000000000e+04
1.100000000000000000e+05
1.300000000000000000e+05
1.400000000000000000e+05
5.500000000000000000e+04
1.400000000000000000e+05
1.750000000000000000e+05
1.850000000000000000e+05
7.000000000000000000e+04
4.000000000000000000e+04
9.000000000000000000e+04
1.500000000000000000e+05
3.050000000000000000e+05
7.500000000000000000e+04
8.500000000000000000e+04
7.500000000000000000e+04
4.000000000000000000e+04
6.500000000000000000e+04
1.000000000000000000e+05
3.200000000000000000e+05
7.000000000000000000e+04
2.850000000000000000e+05
3.500000000000000000e+05
4.500000000000000000e+04
9.000000000000000000e+04
4.000000000000000000e+04
8.000000000000000000e+04
3.050000000000000000e+05
4.000000000000000000e+04
7.500000000000000000e+04
4.000000000000000000e+04
1.950000000000000000e+05
5.500000000000000000e+04
1.950000000000000000e+05
1.300000000000000000e+05
1.850000000000000000e+05
1.350000000000000000e+05
1.250000000000000000e+05
1.400000000000000000e+05
4.500000000000000000e+04
1.250000000000000000e+05
1.300000000000000000e+05
9.000000000000000000e+04
1.250000000000000000e+05
5.500000000000000000e+04
1.700000000000000000e+05
2.850000000000000000e+05
1.050000000000000000e+05
1.050000000000000000e+05
5.000000000000000000e+04
4.000000000000000000e+04
7.500000000000000000e+04
4.500000000000000000e+04
1.000000000000000000e+05
4.600000000000000000e+05
6.500000000000000000e+04
1.000000000000000000e+05
5.500000000000000000e+04
3.900000000000000000e+05
7.000000000000000000e+04
6.000000000000000000e+04
1.050000000000000000e+05
6.500000000000000000e+04
5.200000000000000000e+05
7.000000000000000000e+04
1.850000000000000000e+05
8.000000000000000000e+04
4.000000000000000000e+04
1.100000000000000000e+05
3.900000000000000000e+05
1.000000000000000000e+05
1.800000000000000000e+05
1.250000000000000000e+05
2.400000000000000000e+05
4.000000000000000000e+04
1.100000000000000000e+05
7.000000000000000000e+04
7.000000000000000000e+04
8.000000000000000000e+04
1.100000000000000000e+05
6.500000000000000000e+04
5.000000000000000000e+04
1.000000000000000000e+05
9.500000000000000000e+04
3.050000000000000000e+05
9.500000000000000000e+04
1.500000000000000000e+05
4.000000000000000000e+04
4.000000000000000000e+04
7.500000000000000000e+04
2.850000000000000000e+05
4.500000000000000000e+04
4.500000000000000000e+04
9.000000000000000000e+04
1.050000000000000000e+05
4.000000000000000000e+04
1.120000000000000000e+06
8.000000000000000000e+04
4.500000000000000000e+04
1.120000000000000000e+06
2.150000000000000000e+05
6.500000000000000000e+04
1.250000000000000000e+05
6.500000000000000000e+04
4.000000000000000000e+04
6.000000000000000000e+04
8.000000000000000000e+04
1.800000000000000000e+05
3.050000000000000000e+05
6.500000000000000000e+04
4.500000000000000000e+04
3.500000000000000000e+05
8.000000000000000000e+04
8.500000000000000000e+04
3.200000000000000000e+05
9.500000000000000000e+04
1.750000000000000000e+05
4.000000000000000000e+04
9.000000000000000000e+04
1.000000000000000000e+05
1.100000000000000000e+05
8.500000000000000000e+04
1.400000000000000000e+05
1.300000000000000000e+05
9.500000000000000000e+04
1.400000000000000000e+05
1.050000000000000000e+05
9.500000000000000000e+04
7.000000000000000000e+04
7.500000000000000000e+04
1.800000000000000000e+05
5.000000000000000000e+04
7.000000000000000000e+04
5.500000000000000000e+04
4.000000000000000000e+04
1.100000000000000000e+05
2.150000000000000000e+05
8.500000000000000000e+04
7.000000000000000000e+04
4.000000000000000000e+04
7.500000000000000000e+04
8.000000000000000000e+04
4.000000000000000000e+04
3.950000000000000000e+05
5.200000000000000000e+05
1.500000000000000000e+05
6.500000000000000000e+04
1.800000000000000000e+05
1.400000000000000000e+05
6.000000000000000000e+04
7.500000000000000000e+04
7.000000000000000000e+04
6.000000000000000000e+04
7.500000000000000000e+04
6.000000000000000000e+04
4.500000000000000000e+04
4.000000000000000000e+04
1.350000000000000000e+05
2.150000000000000000e+05
7.000000000000000000e+04
1.050000000000000000e+05
7.000000000000000000e+04
7.000000000000000000e+04
7.500000000000000000e+04
7.500000000000000000e+04
6.500000000000000000e+04
4.000000000000000000e+04
6.500000000000000000e+04
7.000000000000000000e+04
7.000000000000000000e+04
3.900000000000000000e+05
3.050000000000000000e+05
1.800000000000000000e+05
9.000000000000000000e+04
7.500000000000000000e+04
7.500000000000000000e+04
8.000000000000000000e+04
6.000000000000000000e+04
3.900000000000000000e+05
7.000000000000000000e+04
8.500000000000000000e+04
1.850000000000000000e+05
8.000000000000000000e+04
6.000000000000000000e+04
1.000000000000000000e+05
1.850000000000000000e+05
5.500000000000000000e+04
1.300000000000000000e+05
4.500000000000000000e+04
7.000000000000000000e+04
7.500000000000000000e+04
4.600000000000000000e+05
6.000000000000000000e+04
5.000000000000000000e+04
1.000000000000000000e+05
8.500000000000000000e+04
7.000000000000000000e+04
1.400000000000000000e+05
1.550000000000000000e+05
1.050000000000000000e+05
8.000000000000000000e+04
2.050000000000000000e+05
8.000000000000000000e+04
3.950000000000000000e+05
4.000000000000000000e+04
8.500000000000000000e+04
2.550000000000000000e+05
6.000000000000000000e+04
7.500000000000000000e+04
6.000000000000000000e+04
4.500000000000000000e+04
3.500000000000000000e+05
6.500000000000000000e+04
3.500000000000000000e+05
5.000000000000000000e+04
7.000000000000000000e+04
6.000000000000000000e+04
3.950000000000000000e+05
1.550000000000000000e+05
3.200000000000000000e+05
7.000000000000000000e+04
8.500000000000000000e+04
8.500000000000000000e+04
9.000000000000000000e+04
1.050000000000000000e+05
7.000000000000000000e+04
6.000000000000000000e+04
9.000000000000000000e+04
1.700000000000000000e+05
6.500000000000000000e+04
1.750000000000000000e+05
2.200000000000000000e+05
1.400000000000000000e+05
4.000000000000000000e+04
1.000000000000000000e+05
8.000000000000000000e+04
6.000000000000000000e+04
7.000000000000000000e+04
1.000000000000000000e+05
1.350000000000000000e+05
6.000000000000000000e+04
9.000000000000000000e+04
7.000000000000000000e+04
9.000000000000000000e+04
2.150000000000000000e+05
9.500000000000000000e+04
4.000000000000000000e+04
1.400000000000000000e+05
4.500000000000000000e+04
4.000000000000000000e+04
3.050000000000000000e+05
7.500000000000000000e+04
6.500000000000000000e+04
7.500000000000000000e+04
1.050000000000000000e+05
4.500000000000000000e+04
7.500000000000000000e+04
4.000000000000000000e+04
4.000000000000000000e+04
8.000000000000000000e+04
7.000000000000000000e+04
6.500000000000000000e+04
1.250000000000000000e+05
7.000000000000000000e+04
8.500000000000000000e+04
5.000000000000000000e+04
7.000000000000000000e+04
2.200000000000000000e+05
5.000000000000000000e+04
8.000000000000000000e+04
1.950000000000000000e+05
8.500000000000000000e+04
5.200000000000000000e+05
9.000000000000000000e+04
3.500000000000000000e+05
7.500000000000000000e+04
8.500000000000000000e+04
6.500000000000000000e+04
5.000000000000000000e+04
4.000000000000000000e+04
1.500000000000000000e+05
1.000000000000000000e+05
7.500000000000000000e+04
1.700000000000000000e+05
3.500000000000000000e+05
5.000000000000000000e+04
1.000000000000000000e+05
7.000000000000000000e+04
4.500000000000000000e+04
7.000000000000000000e+04
4.500000000000000000e+04
4.500000000000000000e+04
4.000000000000000000e+04
1.450000000000000000e+05
4.000000000000000000e+04
6.000000000000000000e+04
4.000000000000000000e+04
4.500000000000000000e+04
4.500000000000000000e+04
7.000000000000000000e+04
4.500000000000000000e+04
7.000000000000000000e+04
8.500000000000000000e+04
1.800000000000000000e+05
4.500000000000000000e+04
4.000000000000000000e+04
7.000000000000000000e+04
5.000000000000000000e+04
6.000000000000000000e+04
7.500000000000000000e+04
7.500000000000000000e+04
1.100000000000000000e+05
4.500000000000000000e+04
2.350000000000000000e+05
4.000000000000000000e+04
4.000000000000000000e+04
4.000000000000000000e+04
1.400000000000000000e+05
4.000000000000000000e+04
2.850000000000000000e+05
6.500000000000000000e+04
7.500000000000000000e+04
6.000000000000000000e+04
8.000000000000000000e+04
4.000000000000000000e+04
8.000000000000000000e+04
1.500000000000000000e+05
1.800000000000000000e+05
1.300000000000000000e+05
3.950000000000000000e+05
4.600000000000000000e+05
1.250000000000000000e+05
2.550000000000000000e+05
5.000000000000000000e+04
5.000000000000000000e+04
4.500000000000000000e+04
7.000000000000000000e+04
4.000000000000000000e+04
1.000000000000000000e+05
5.200000000000000000e+05
7.500000000000000000e+04
7.000000000000000000e+04
4.000000000000000000e+04
4.000000000000000000e+04
5.200000000000000000e+05
3.500000000000000000e+05
4.500000000000000000e+04
7.000000000000000000e+04
2.550000000000000000e+05
7.500000000000000000e+04
2.200000000000000000e+05
1.550000000000000000e+05
4.500000000000000000e+04
1.700000000000000000e+05
9.000000000000000000e+04
5.500000000000000000e+04
2.550000000000000000e+05
1.120000000000000000e+06
1.350000000000000000e+05
1.300000000000000000e+05
4.000000000000000000e+04
7.000000000000000000e+04
7.500000000000000000e+04
4.500000000000000000e+04
1.450000000000000000e+05
6.000000000000000000e+04
6.500000000000000000e+04
2.150000000000000000e+05
8.500000000000000000e+04
1.300000000000000000e+05
4.500000000000000000e+04
8.500000000000000000e+04
4.000000000000000000e+04
7.000000000000000000e+04
1.450000000000000000e+05
4.000000000000000000e+04
4.000000000000000000e+04
9.000000000000000000e+04
7.000000000000000000e+04
2.350000000000000000e+05
1.250000000000000000e+05
9.500000000000000000e+04
6.000000000000000000e+04
4.000000000000000000e+04
8.000000000000000000e+04
4.000000000000000000e+04
1.300000000000000000e+05
6.000000000000000000e+04
1.800000000000000000e+05
7.500000000000000000e+04
8.000000000000000000e+04
1.800000000000000000e+05
8.500000000000000000e+04
1.050000000000000000e+05
7.500000000000000000e+04
7.500000000000000000e+04
1.500000000000000000e+05
7.500000000000000000e+04
1.700000000000000000e+05
1.500000000000000000e+05
1.100000000000000000e+05
4.500000000000000000e+04
1.700000000000000000e+05
1.800000000000000000e+05
1.000000000000000000e+05
1.950000000000000000e+05
2.400000000000000000e+05
8.000000000000000000e+04
7.500000000000000000e+04
2.350000000000000000e+05
9.500000000000000000e+04
1.000000000000000000e+05
7.500000000000000000e+04
1.000000000000000000e+05
2.850000000000000000e+05
1.300000000000000000e+05
3.900000000000000000e+05
2.850000000000000000e+05
1.300000000000000000e+05
4.000000000000000000e+04
1.050000000000000000e+05
1.450000000000000000e+05
7.000000000000000000e+04
8.000000000000000000e+04
4.500000000000000000e+04
8.000000000000000000e+04
7.500000000000000000e+04
1.500000000000000000e+05
6.500000000000000000e+04
5.500000000000000000e+04
1.250000000000000000e+05
1.000000000000000000e+05
1.000000000000000000e+05
4.500000000000000000e+04
8.500000000000000000e+04
4.500000000000000000e+04
1.250000000000000000e+05
9.000000000000000000e+04
2.150000000000000000e+05
1.850000000000000000e+05
1.350000000000000000e+05
1.800000000000000000e+05
1.000000000000000000e+05
4.600000000000000000e+05
8.500000000000000000e+04
4.000000000000000000e+04
6.500000000000000000e+04
1.100000000000000000e+05
1.400000000000000000e+05
7.000000000000000000e+04
1.850000000000000000e+05
1.250000000000000000e+05
7.500000000000000000e+04
8.000000000000000000e+04
7.500000000000000000e+04
1.800000000000000000e+05
1.800000000000000000e+05
9.000000000000000000e+04
4.000000000000000000e+04
4.000000000000000000e+04
9.000000000000000000e+04
8.500000000000000000e+04
1.800000000000000000e+05
1.800000000000000000e+05
8.000000000000000000e+04
1.000000000000000000e+05
7.500000000000000000e+04
4.000000000000000000e+04
2.200000000000000000e+05
6.500000000000000000e+04
8.000000000000000000e+04
1.700000000000000000e+05
2.200000000000000000e+05
4.000000000000000000e+04
1.250000000000000000e+05
7.500000000000000000e+04
1.250000000000000000e+05
9.500000000000000000e+04
6.000000000000000000e+04
1.450000000000000000e+05
7.000000000000000000e+04
1.300000000000000000e+05
1.300000000000000000e+05
2.400000000000000000e+05
4.000000000000000000e+04
5.000000000000000000e+04
4.000000000000000000e+04
7.000000000000000000e+04
2.050000000000000000e+05
8.500000000000000000e+04
5.500000000000000000e+04
1.000000000000000000e+05
1.300000000000000000e+05
9.500000000000000000e+04
1.100000000000000000e+05
4.000000000000000000e+04
1.450000000000000000e+05
9.500000000000000000e+04
8.000000000000000000e+04
7.500000000000000000e+04
4.600000000000000000e+05
6.500000000000000000e+04
1.700000000000000000e+05
1.250000000000000000e+05
9.500000000000000000e+04
1.800000000000000000e+05
7.000000000000000000e+04
8.000000000000000000e+04
7.000000000000000000e+04
4.500000000000000000e+04
7.500000000000000000e+04
9.500000000000000000e+04
1.350000000000000000e+05
4.000000000000000000e+04
9.000000000000000000e+04
4.000000000000000000e+04
2.400000000000000000e+05
1.500000000000000000e+05
5.000000000000000000e+04
6.000000000000000000e+04
5.500000000000000000e+04
8.000000000000000000e+04
4.000000000000000000e+04
4.500000000000000000e+04
5.000000000000000000e+04
1.850000000000000000e+05
5.000000000000000000e+04
1.450000000000000000e+05
1.400000000000000000e+05
7.000000000000000000e+04
1.350000000000000000e+05
8.500000000000000000e+04
8.500000000000000000e+04
7.000000000000000000e+04
7.000000000000000000e+04
8.500000000000000000e+04
6.500000000000000000e+04
1.250000000000000000e+05
1.100000000000000000e+05
4.500000000000000000e+04
4.500000000000000000e+04
1.800000000000000000e+05
7.000000000000000000e+04
5.500000000000000000e+04
7.000000000000000000e+04
7.000000000000000000e+04
2.050000000000000000e+05
2.400000000000000000e+05
1.800000000000000000e+05
8.500000000000000000e+04
1.050000000000000000e+05
5.500000000000000000e+04
1.800000000000000000e+05
1.120000000000000000e+06
1.550000000000000000e+05
3.900000000000000000e+05
1.800000000000000000e+05
3.500000000000000000e+05
3.500000000000000000e+05
8.500000000000000000e+04
6.000000000000000000e+04
9.500000000000000000e+04
1.700000000000000000e+05
3.900000000000000000e+05
1.500000000000000000e+05
7.000000000000000000e+04
9.500000000000000000e+04
5.200000000000000000e+05
8.500000000000000000e+04
1.250000000000000000e+05
1.300000000000000000e+05
1.000000000000000000e+05
4.500000000000000000e+04
3.200000000000000000e+05
8.000000000000000000e+04
4.000000000000000000e+04
4.000000000000000000e+04
4.000000000000000000e+04
4.000000000000000000e+04
4.000000000000000000e+04
1.250000000000000000e+05
1.800000000000000000e+05
5.000000000000000000e+04
1.300000000000000000e+05
8.500000000000000000e+04
9.500000000000000000e+04
1.000000000000000000e+05
4.500000000000000000e+04
3.950000000000000000e+05
2.350000000000000000e+05
1.050000000000000000e+05
8.500000000000000000e+04
7.000000000000000000e+04
1.000000000000000000e+05
1.500000000000000000e+05
1.700000000000000000e+05
3.500000000000000000e+05
4.000000000000000000e+04
7.000000000000000000e+04
7.000000000000000000e+04
8.000000000000000000e+04
1.800000000000000000e+05
1.000000000000000000e+05
5.500000000000000000e+04
9.000000000000000000e+04
1.400000000000000000e+05
1.300000000000000000e+05
9.500000000000000000e+04
3.200000000000000000e+05
5.000000000000000000e+04
9.000000000000000000e+04
3.500000000000000000e+05
2.200000000000000000e+05
5.500000000000000000e+04
1.300000000000000000e+05
9.000000000000000000e+04
5.000000000000000000e+04
7.000000000000000000e+04
4.000000000000000000e+04
7.000000000000000000e+04
2.850000000000000000e+05
1.050000000000000000e+05
1.950000000000000000e+05
8.000000000000000000e+04
7.500000000000000000e+04
7.000000000000000000e+04
3.500000000000000000e+05
4.500000000000000000e+04
2.350000000000000000e+05
3.950000000000000000e+05
